% Fri 27 Mar 19:44:09 +08 2020
function y = exp10(x)
	y = 10.^x;
end
