% Wed Jul 11 17:34:15 MSK 2012
% Karl Kästner, Berlin

% 11th-order accurate gauss quadrature
function [w b flag] = int_1d_gauss_6()
	w = [ 0.233956967286345; 0.233956967286345; 0.180380786524069;
	      0.180380786524069; 0.085662246189585; 0.085662246189585];
	b = [ 0.380690406958402   0.619309593041598;
              0.619309593041598   0.380690406958402;
              0.169395306766867   0.830604693233133;
              0.830604693233133   0.169395306766867;
              0.033765242898424   0.966234757101576;
              0.966234757101576   0.033765242898424 ];
	flag = 0;
end % function int_1d_gauss_6

