% Fri Jul 13 12:16:50 MSK 2012
% Karl Kästner, Berlin

% p = 8
% neagitve weight - no positive definite mass
function [w b flag] = int_2d_gauss_45()
	flag = 0;
% original formula by keast had error in the centroid weight
	w = 6*[
	-0.393270066412926145e-1
	0.408131605934270525e-2
	0.408131605934270525e-2
	0.408131605934270525e-2
	0.408131605934270525e-2
	0.658086773304341943e-3
	0.658086773304341943e-3
	0.658086773304341943e-3
	0.658086773304341943e-3
	0.438425882512284693e-2
	0.438425882512284693e-2
	0.438425882512284693e-2
	0.438425882512284693e-2
	0.438425882512284693e-2
	0.438425882512284693e-2
	0.138300638425098166e-1
	0.138300638425098166e-1
	0.138300638425098166e-1
	0.138300638425098166e-1
	0.138300638425098166e-1
	0.138300638425098166e-1
	0.424043742468372453e-2
	0.424043742468372453e-2
	0.424043742468372453e-2
	0.424043742468372453e-2
	0.424043742468372453e-2
	0.424043742468372453e-2
	0.424043742468372453e-2
	0.424043742468372453e-2
	0.424043742468372453e-2
	0.424043742468372453e-2
	0.424043742468372453e-2
	0.424043742468372453e-2
	0.223873973961420164e-2
	0.223873973961420164e-2
	0.223873973961420164e-2
	0.223873973961420164e-2
	0.223873973961420164e-2
	0.223873973961420164e-2
	0.223873973961420164e-2
	0.223873973961420164e-2
	0.223873973961420164e-2
	0.223873973961420164e-2
	0.223873973961420164e-2
	0.223873973961420164e-2
	];

	b = [
	2.500000000000000e-01     2.500000000000000e-01     2.500000000000000e-01     2.500000000000000e-01
	1.274709365666390e-01     1.274709365666390e-01     1.274709365666390e-01     6.175871903000830e-01
	1.274709365666390e-01     1.274709365666390e-01     6.175871903000830e-01     1.274709365666390e-01
	1.274709365666390e-01     6.175871903000830e-01     1.274709365666390e-01     1.274709365666390e-01
	6.175871903000830e-01     1.274709365666390e-01     1.274709365666390e-01     1.274709365666390e-01
	3.207883039263230e-02     3.207883039263230e-02     3.207883039263230e-02     9.037635088221031e-01
	3.207883039263230e-02     3.207883039263230e-02     9.037635088221031e-01     3.207883039263230e-02
	3.207883039263230e-02     9.037635088221031e-01     3.207883039263230e-02     3.207883039263230e-02
	9.037635088221031e-01     3.207883039263230e-02     3.207883039263230e-02     3.207883039263230e-02
	4.977709564328102e-02     4.977709564328102e-02     4.502229043567190e-01     4.502229043567190e-01
	4.977709564328102e-02     4.502229043567190e-01     4.977709564328102e-02     4.502229043567190e-01
	4.977709564328102e-02     4.502229043567190e-01     4.502229043567190e-01     4.977709564328102e-02
	4.502229043567190e-01     4.977709564328102e-02     4.977709564328102e-02     4.502229043567190e-01
	4.502229043567190e-01     4.977709564328102e-02     4.502229043567190e-01     4.977709564328102e-02
	4.502229043567190e-01     4.502229043567190e-01     4.977709564328102e-02     4.977709564328102e-02
	1.837304473985499e-01     1.837304473985499e-01     3.162695526014501e-01     3.162695526014501e-01
	1.837304473985499e-01     3.162695526014501e-01     1.837304473985499e-01     3.162695526014501e-01
	1.837304473985499e-01     3.162695526014501e-01     3.162695526014501e-01     1.837304473985499e-01
	3.162695526014501e-01     1.837304473985499e-01     1.837304473985499e-01     3.162695526014501e-01
	3.162695526014501e-01     1.837304473985499e-01     3.162695526014501e-01     1.837304473985499e-01
	3.162695526014501e-01     3.162695526014501e-01     1.837304473985499e-01     1.837304473985499e-01
	2.291778784481712e-02     2.319010893971509e-01     2.319010893971509e-01     5.132800333608811e-01
	2.291778784481712e-02     2.319010893971509e-01     5.132800333608811e-01     2.319010893971509e-01
	2.291778784481712e-02     5.132800333608811e-01     2.319010893971509e-01     2.319010893971509e-01
	2.319010893971509e-01     2.291778784481712e-02     2.319010893971509e-01     5.132800333608811e-01
	2.319010893971509e-01     2.291778784481712e-02     5.132800333608811e-01     2.319010893971509e-01
	2.319010893971509e-01     2.319010893971509e-01     2.291778784481712e-02     5.132800333608811e-01
	2.319010893971509e-01     2.319010893971509e-01     5.132800333608811e-01     2.291778784481712e-02
	2.319010893971509e-01     5.132800333608811e-01     2.291778784481712e-02     2.319010893971509e-01
	2.319010893971509e-01     5.132800333608811e-01     2.319010893971509e-01     2.291778784481712e-02
	5.132800333608811e-01     2.291778784481712e-02     2.319010893971509e-01     2.319010893971509e-01
	5.132800333608811e-01     2.319010893971509e-01     2.291778784481712e-02     2.319010893971509e-01
	5.132800333608811e-01     2.319010893971509e-01     2.319010893971509e-01     2.291778784481712e-02
	3.797004847182861e-02     3.797004847182861e-02     1.937464752488044e-01     7.303134278075384e-01
	3.797004847182861e-02     3.797004847182861e-02     7.303134278075384e-01     1.937464752488044e-01
	3.797004847182861e-02     1.937464752488044e-01     3.797004847182861e-02     7.303134278075384e-01
	3.797004847182861e-02     1.937464752488044e-01     7.303134278075384e-01     3.797004847182861e-02
	3.797004847182861e-02     7.303134278075384e-01     3.797004847182861e-02     1.937464752488044e-01
	3.797004847182861e-02     7.303134278075384e-01     1.937464752488044e-01     3.797004847182861e-02
	1.937464752488044e-01     3.797004847182861e-02     3.797004847182861e-02     7.303134278075384e-01
	1.937464752488044e-01     3.797004847182861e-02     7.303134278075384e-01     3.797004847182861e-02
	1.937464752488044e-01     7.303134278075384e-01     3.797004847182861e-02     3.797004847182861e-02
	7.303134278075384e-01     3.797004847182861e-02     3.797004847182861e-02     1.937464752488044e-01
	7.303134278075384e-01     3.797004847182861e-02     1.937464752488044e-01     3.797004847182861e-02
	7.303134278075384e-01     1.937464752488044e-01     3.797004847182861e-02     3.797004847182861e-02
	];
end % int_gauss_3d_45

