% Wed Jul 11 17:24:07 MSK 2012
% Karl Kästner, Berlin

% 9th-order accurate
function [w b flag] = int_1d_gauss_5()
 	 %w = [0.568888888888889; 0.478628670499366; 0.236926885056189];
	 %b = [0.000000000000000; 0.538469310105683; 0.906179845938664];
	 w = [ 0.284444444444444; 0.239314335249683; 0.239314335249683; 
	       0.118463442528095; 0.118463442528095];
	 b = [ 0.500000000000000   0.500000000000000;
	       0.230765344947159   0.769234655052841;
	       0.769234655052841   0.230765344947159;  
	       0.046910077030668   0.953089922969332;
               0.953089922969332   0.046910077030668 ];
	 flag = 0;
end % int_1d_gauss_5

