% Wed Jul 11 18:09:13 MSK 2012
% Karl Kästner, Berlin

% attention - negative weight, yields indefinite mass matrix
% p = 3
function [w b flag] = int_3d_gauss_5()
	w = [
	-0.800000000000000
	 0.450000000000000
	 0.450000000000000
	 0.450000000000000
	 0.450000000000000
	];
	b = [
	   0.250000000000000 0.250000000000000 0.250000000000000 0.250000000000000
	   0.166666666666667   0.166666666666667   0.166666666666667   0.500000000000000
	   0.166666666666667   0.166666666666667   0.500000000000000   0.166666666666667
	   0.166666666666667   0.500000000000000   0.166666666666667   0.166666666666667
	   0.500000000000000   0.166666666666667   0.166666666666667   0.166666666666667
	];
	flag = 0;
end % int_3d_gauss_5


