% Mon Jul 23 19:16:34 MSK 2012
% Karl Kästner, Berlin


function [w b flag] = int_2d_nc_21()
	% quadrature points in barycentric coordinates
	b = [
    1.0000         0         0
    0.8000    0.2000         0
    0.6000    0.4000         0
    0.4000    0.6000         0
    0.2000    0.8000         0
         0    1.0000         0
    0.8000         0    0.2000
    0.6000    0.2000    0.2000
    0.4000    0.4000    0.2000
    0.2000    0.6000    0.2000
         0    0.8000    0.2000
    0.6000         0    0.4000
    0.4000    0.2000    0.4000
    0.2000    0.4000    0.4000
    0.0000    0.6000    0.4000
    0.4000         0    0.6000
    0.2000    0.2000    0.6000
    0.0000    0.4000    0.6000
    0.2000         0    0.8000
    0.0000    0.2000    0.8000
         0         0    1.0000
	];

	num = 2*[110, 250, 250, 250, 250, 110, 250, 2000, 250, 2000, 250, 250, 250, 250, 250, 250, 2000, 250, 250, 250, 110]';
	den = 20160;


	w = num./den;
	flag = 1;
end % int_2d_nc_21

