% Sun May 20 21:36:34 MSK 2012
% Karl Kästner, Berlin

% weigts for 6th order accurate gauss quadrature
function [w p flag] = int_2d_gauss_12()
		% integration weights
	w = [   0.050844906370207; 0.050844906370207; 0.050844906370207;
		0.116786275726379; 0.116786275726379; 0.116786275726379;
		0.082851075618374; 0.082851075618374; 0.082851075618374;
		0.082851075618374; 0.082851075618374; 0.082851075618374 ];

		% integration points in barycentric coordiantes
	p = [	0.873821971016996 0.063089014491502 0.063089014491502;
		0.063089014491502 0.873821971016996 0.063089014491502;
		0.063089014491502 0.063089014491502 0.873821971016996;
		0.501426509658179 0.249286745170910 0.249286745170910;
		0.249286745170910 0.501426509658179 0.249286745170910;
		0.249286745170910 0.249286745170910 0.501426509658179;
		0.636502499121399 0.310352451033785 0.053145049844816;
		0.636502499121399 0.053145049844816 0.310352451033785;
		0.310352451033785 0.636502499121399 0.053145049844816;
		0.310352451033785 0.053145049844816 0.636502499121399;
		0.053145049844816 0.636502499121399 0.310352451033785;
		0.053145049844816 0.310352451033785 0.636502499121399 ];

		% mass matrix will not be diagonal
		flag = 0;
end % int_2d_gauss_12

