% Wed Jul 11 18:12:35 MSK 2012
% Karl Kästner, Berlin

% p = 4
function [w b flag] = int_3d_gauss_14()
	flag = 0;
	w = 6*[
	0.317460317460317450e-2
	0.317460317460317450e-2
	0.317460317460317450e-2
	0.317460317460317450e-2
	0.317460317460317450e-2
	0.317460317460317450e-2
	0.147649707904967828e-1
	0.147649707904967828e-1
	0.147649707904967828e-1
	0.147649707904967828e-1
	0.221397911142651221e-1
	0.221397911142651221e-1
	0.221397911142651221e-1
	0.221397911142651221e-1
	];
	b = [
                            0                         0     5.000000000000000e-01     5.000000000000000e-01
                            0     5.000000000000000e-01                         0     5.000000000000000e-01
                            0     5.000000000000000e-01     5.000000000000000e-01                         0
	5.000000000000000e-01                         0                         0     5.000000000000000e-01
	5.000000000000000e-01                         0     5.000000000000000e-01                         0
	5.000000000000000e-01     5.000000000000000e-01                         0                         0
	1.005267652252045e-01     1.005267652252045e-01     1.005267652252045e-01     6.984197043243866e-01
	1.005267652252045e-01     1.005267652252045e-01     6.984197043243866e-01     1.005267652252045e-01
	1.005267652252045e-01     6.984197043243866e-01     1.005267652252045e-01     1.005267652252045e-01
	6.984197043243866e-01     1.005267652252045e-01     1.005267652252045e-01     1.005267652252045e-01
	5.688137952042342e-02     3.143728734931922e-01     3.143728734931922e-01     3.143728734931922e-01
	3.143728734931922e-01     5.688137952042342e-02     3.143728734931922e-01     3.143728734931922e-01
	3.143728734931922e-01     3.143728734931922e-01     5.688137952042342e-02     3.143728734931922e-01
	3.143728734931922e-01     3.143728734931922e-01     3.143728734931922e-01     5.688137952042342e-02
	];

end % int_3d_gauss_14()

