% Sun May 20 22:06:06 MSK 2012
% Karl Kästner, Berlin

% weigts for 4th order accurate gauss quadrature
function [w p flag] = int_2d_gauss_9()
%	warning('does not work in combinatiion with 15-point scheme');	

	% integration weights
	w = [	0.205950504760887; 0.205950504760887; 0.205950504760887;
		0.063691414286223; 0.063691414286223; 0.063691414286223;
		0.063691414286223; 0.063691414286223; 0.063691414286223 ];

	% integration points in barycentric coordiantes
	p = [	0.124949503233232   0.437525248383384   0.437525248383384;
		0.437525248383384   0.124949503233232   0.437525248383384;
		0.437525248383384   0.437525248383384   0.124949503233232;
		0.037477420750088   0.165409927389841   0.797112651860071;
		0.037477420750088   0.797112651860071   0.165409927389841;
		0.165409927389841   0.037477420750088   0.797112651860071;
		0.165409927389841   0.797112651860071   0.037477420750088;
		0.797112651860071   0.165409927389841   0.037477420750088;
		0.797112651860071   0.037477420750088   0.165409927389841 ];

	% mass matrix will not be diagonal
	flag = 0;
end % int_2d_gauss_9

