% Wed Aug  8 23:35:35 MSK 2012
% Karl Kästner, Berlin

% 12-th order accurate
function [w b flag] = int_2d_gauss_33()
		% integration weights
		w = [
0.025731066440455
0.025731066440455
0.025731066440455
0.043692544538038
0.043692544538038
0.043692544538038
0.062858224217885
0.062858224217885
0.062858224217885
0.034796112930709
0.034796112930709
0.034796112930709
0.006166261051559
0.006166261051559
0.006166261051559
0.040371557766381
0.040371557766381
0.040371557766381
0.040371557766381
0.040371557766381
0.040371557766381
0.022356773202303          
0.022356773202303          
0.022356773202303          
0.022356773202303          
0.022356773202303          
0.022356773202303          
0.017316231108659
0.017316231108659
0.017316231108659
0.017316231108659
0.017316231108659
0.017316231108659 ];


		% integration points in barycentric coordiantes
		b = [
   0.023565220452390   0.488217389773805   0.488217389773805
   0.488217389773805   0.023565220452390   0.488217389773805
   0.488217389773805   0.488217389773805   0.023565220452390
   0.120551215411079   0.439724392294460   0.439724392294460
   0.439724392294460   0.120551215411079   0.439724392294460
   0.439724392294460   0.439724392294460   0.120551215411079
   0.271210385012116   0.271210385012116   0.457579229975768
   0.271210385012116   0.457579229975768   0.271210385012116
   0.457579229975768   0.271210385012116   0.271210385012116
   0.127576145541586   0.127576145541586   0.744847708916828
   0.127576145541586   0.744847708916828   0.127576145541586
   0.744847708916828   0.127576145541586   0.127576145541586
   0.021317350453210   0.021317350453210   0.957365299093579
   0.021317350453210   0.957365299093579   0.021317350453210
   0.957365299093579   0.021317350453210   0.021317350453210
   0.115343494534698   0.275713269685514   0.608943235779788
   0.115343494534698   0.608943235779788   0.275713269685514
   0.275713269685514   0.115343494534698   0.608943235779788
   0.275713269685514   0.608943235779788   0.115343494534698
   0.608943235779788   0.115343494534698   0.275713269685514
   0.608943235779788   0.275713269685514   0.115343494534698
   0.022838332222257   0.281325580989940   0.695836086787803
   0.022838332222257   0.695836086787803   0.281325580989940
   0.281325580989940   0.022838332222257   0.695836086787803
   0.281325580989940   0.695836086787803   0.022838332222257
   0.695836086787803   0.022838332222257   0.281325580989940
   0.695836086787803   0.281325580989940   0.022838332222257
   0.025734050548330   0.116251915907597   0.858014033544073
   0.025734050548330   0.858014033544073   0.116251915907597
   0.116251915907597   0.025734050548330   0.858014033544073
   0.116251915907597   0.858014033544073   0.025734050548330
   0.858014033544073   0.025734050548330   0.116251915907597
   0.858014033544073   0.116251915907597   0.025734050548330 ];

		% mass matrix will not be diagonal
		flag = 0;
end % int_2d_tmp

