% Sun May 20 22:51:38 MSK 2012
% Karl Kästner, Berlin

% weigts for 7th order accurate gauss quadrature
function [w p flag] = int_2d_gauss_13()

% !!! attention, this scheme is not SPD !!!
% there is a type in strang & fix as well as in flaherty: 0.486903154253160 has to be 0.048690315425316

		% integration weights
		w = [	-0.149570044467670
			0.175615257433204
			0.175615257433204
			0.175615257433204
			0.053347235608839
			0.053347235608839
			0.053347235608839
			0.077113760890257
			0.077113760890257
			0.077113760890257
			0.077113760890257
			0.077113760890257
			0.077113760890257];

		% integration points in barycentric coordiantes
		p = [	0.333333333333333 0.333333333333333 0.333333333333333;
			0.479308067841923 0.260345966079038 0.260345966079038;
			0.260345966079038 0.479308067841923 0.260345966079038;
			0.260345966079038 0.260345966079038 0.479308067841923;
			0.869739794195568 0.065130102902216 0.065130102902216;
			0.065130102902216 0.869739794195568 0.065130102902216;
			0.065130102902216 0.065130102902216 0.869739794195568;
			0.638444188569809 0.312865496004875 0.048690315425316;
			0.638444188569809 0.048690315425316 0.312865496004875;
			0.312865496004875 0.638444188569809 0.048690315425316;
			0.312865496004875 0.048690315425316 0.638444188569809;
			0.048690315425316 0.638444188569809 0.312865496004875;
			0.048690315425316 0.312865496004875 0.638444188569809 ];

		% mass matrix will not be diagonal
		flag = 0;
end % int_2d_gauss_13

