% 2024-06-30 11:57:21.500752444 +0200
function [fc,Sc] = cauchypdf_mode(f0,s)
	fc = f0;
	Sc = 1/(pi*s);
end

