% 2024-06-29 14:03:28.008373029 +0200
function ku = laplacepdf_kurtosis(mu,sd)
	ku = 6;
end
